255 255 255 255 255 255 255 255 255 255 255 255 255 255 255 255
255 219 159 159 159 159 159 159 159 159 159 159 159 159 219 255
255 159   0   0   0   0   0   0   0   0   0   0   0   0 159 255
255 159   0 195 223 223  84   0   0  84 223 223 195   0 159 255
255 159   0 223 223   0  20   4   4  20   0 223 223   0 159 255
255 159   0 223 139  36 195  91 116 195  36 139 223   0 159 255
255 159   0 223  20 195 255  91 254 255 195  20 223   0 159 255
255 159   0 223   4  32  32 199  57 116 115   4 223   0 159 255
255 159   0 223  28  84 231 253 252 230  83  28 223   0 159 255
255 159   0 223 223   0  41 148 146  34   0 223 223   0 159 255
255 159   0 223 243 100   0   0   0   0 100 243 223   0 159 255
255 159   0 223 255 243  84   0   0  84 243 255 223   0 159 255
255 159   0 195 223 223 223  28  28 223 223 223 195   0 159 255
255 159   0   0   0   0   0   0   0   0   0   0   0   0 159 255
255 219 159 159 159 159 159 159 159 159 159 159 159 159 219 255
255 255 255 255 255 255 255 255 255 255 255 255 255 255 255 255
255 255 255 255 255 255 255 255 255 255 255 255 255 255 255 255
255 219 159 159 159 159 159 159 159 159 159 159 159 159 219 255
255 159   0   0   0   0   0   0   0   0   0   0   0   0 159 255
255 159   0 195 223 223  84   0   0  84 223 223 195   0 159 255
255 159   0 223 223   0  20   4   4  20   0 223 223   0 159 255
255 159   0 223 139  36 195  91 116 195  36 139 223   0 159 255
255 159   0 223  20 195 255  91 254 255 195  20 223   0 159 255
255 159   0 223   4  32  32 199  56 116 116   4 223   0 159 255
255 159   0 223  28  84 231 253 252 229  83  28 223   0 159 255
255 159   0 223 223   0  41 148 146  33   0 223 223   0 159 255
255 159   0 223 243 100   0   0   0   0 100 243 223   0 159 255
255 159   0 223 255 243  84   0   0  84 243 255 223   0 159 255
255 159   0 195 223 223 223  28  28 223 223 223 195   0 159 255
255 159   0   0   0   0   0   0   0   0   0   0   0   0 159 255
255 219 159 159 159 159 159 159 159 159 159 159 159 159 219 255
255 255 255 255 255 255 255 255 255 255 255 255 255 255 255 255
255 255 255 255 255 255 255 255 255 255 255 255 255 255 255 255
255 219 159 159 159 159 159 159 159 159 159 159 159 159 219 255
255 159   0   0   0   0   0   0   0   0   0   0   0   0 159 255
255 159   0 195 223 223  84   0   0  84 223 223 195   0 159 255
255 159   0 223 223   0  20   4   4  20   0 223 223   0 159 255
255 159   0 223 139  36 195  91 116 195  36 139 223   0 159 255
255 159   0 223  20 195 255  91 254 255 195  20 223   0 159 255
255 159   0 223   4  32  32 199  56 116 116   4 223   0 159 255
255 159   0 223  28  84 231 253 252 229  83  28 223   0 159 255
255 159   0 223 223   0  41 148 146  33   0 223 223   0 159 255
255 159   0 223 243 100   0   0   0   0 100 243 223   0 159 255
255 159   0 223 255 243  84   0   0  84 243 255 223   0 159 255
255 159   0 195 223 223 223  28  28 223 223 223 195   0 159 255
255 159   0   0   0   0   0   0   0   0   0   0   0   0 159 255
255 219 159 159 159 159 159 159 159 159 159 159 159 159 219 255
255 255 255 255 255 255 255 255 255 255 255 255 255 255 255 255

255 255 255 255 255 255 255 255 255 255 255 255 255 255 255 255
255 219 159 159 159 159 159 159 159 159 159 159 159 159 219 255
255 159  16  60  64  64  64  64  64  64  64  64  60  16 159 255
255 159  60 218 236 236 235 235 236 236 236 236 218  60 159 255
255 159  64 236 222 110  38  22  77 188 245 255 236  64 159 255
255 159  64 200  55  79 168 142  48  20 124 236 236  64 159 255
255 159  64  81  16 176 255 195 197  48  10 101 227  64 159 255
255 159  55  15  10 143 241 161 215 160  14   5  94  63 159 255
255 159  55  15  10 137 191 144 208 158  15   5  93  63 159 255
255 159  64  81  16 176 255 192 194  48  10 100 227  64 159 255
255 159  64 200  54  80 169 114  49  19 123 235 236  64 159 255
255 159  64 236 222 109  36  19  75 187 245 255 236  64 159 255
255 159  60 218 236 236 235 235 236 236 236 236 218  60 159 255
255 159  16  60  64  64  64  64  64  64  64  64  60  16 159 255
255 219 159 159 159 159 159 159 159 159 159 159 159 159 219 255
255 255 255 255 255 255 255 255 255 255 255 255 255 255 255 255
255 255 255 255 255 255 255 255 255 255 255 255 255 255 255 255
255 219 159 159 159 159 159 159 159 159 159 159 159 159 219 255
255 159  16  60  64  64  64  64  64  64  64  64  60  16 159 255
255 159  60 218 236 236 235 235 236 236 236 236 218  60 159 255
255 159  64 236 222 110  38  22  77 188 245 255 236  64 159 255
255 159  64 200  55  79 168 142  48  20 124 236 236  64 159 255
255 159  64  81  16 176 255 195 197  48  10 101 227  64 159 255
255 159  55  15  10 143 241 161 215 160  14   5  94  63 159 255
255 159  55  15  10 137 191 144 208 158  15   5  93  63 159 255
255 159  64  81  16 176 255 192 194  48  10 100 227  64 159 255
255 159  64 200  54  80 169 114  49  19 123 235 236  64 159 255
255 159  64 236 222 109  36  19  75 187 245 255 236  64 159 255
255 159  60 218 236 236 235 235 236 236 236 236 218  60 159 255
255 159  16  60  64  64  64  64  64  64  64  64  60  16 159 255
255 219 159 159 159 159 159 159 159 159 159 159 159 159 219 255
255 255 255 255 255 255 255 255 255 255 255 255 255 255 255 255
255 255 255 255 255 255 255 255 255 255 255 255 255 255 255 255
255 219 159 159 159 159 159 159 159 159 159 159 159 159 219 255
255 159  16  60  64  64  64  64  64  64  64  64  60  16 159 255
255 159  60 218 236 236 235 235 236 236 236 236 218  60 159 255
255 159  64 236 222 110  38  22  77 188 245 255 236  64 159 255
255 159  64 200  55  79 168 142  48  20 124 236 236  64 159 255
255 159  64  81  16 176 255 195 197  48  10 101 227  64 159 255
255 159  55  15  10 143 241 161 215 160  14   5  94  63 159 255
255 159  55  15  10 137 191 144 208 158  15   5  93  63 159 255
255 159  64  81  16 176 255 192 194  48  10 100 227  64 159 255
255 159  64 200  54  80 169 114  49  19 123 235 236  64 159 255
255 159  64 236 222 109  36  19  75 187 245 255 236  64 159 255
255 159  60 218 236 236 235 235 236 236 236 236 218  60 159 255
255 159  16  60  64  64  64  64  64  64  64  64  60  16 159 255
255 219 159 159 159 159 159 159 159 159 159 159 159 159 219 255
255 255 255 255 255 255 255 255 255 255 255 255 255 255 255 255

255 255 255 255 255 255 255 255 255 255 255 255 255 255 255 255
255 219 159 159 159 159 159 159 159 159 159 159 159 159 219 255
255 159  16  60  64  64  64  63  63  64  64  64  60  16 159 255
255 159  60 218 236 236 227  94  93 227 236 236 218  60 159 255
255 159  64 236 255 236 101   5   5 100 235 255 236  64 159 255
255 159  64 236 245 124  10  14  15  10 123 245 236  64 159 255
255 159  64 236 188  20  48 160 158  48  19 187 236  64 159 255
255 159  64 236  77  48 197 215 208 194  49  75 236  64 159 255
255 159  64 235  22 142 195 161 144 192 114  19 235  64 159 255
255 159  64 235  38 168 255 241 191 255 169  36 235  64 159 255
255 159  64 236 110  79 176 143 137 176  80 109 236  64 159 255
255 159  64 236 222  55  16  10  10  16  54 222 236  64 159 255
255 159  60 218 236 200  81  15  15  81 200 236 218  60 159 255
255 159  16  60  64  64  64  55  55  64  64  64  60  16 159 255
255 219 159 159 159 159 159 159 159 159 159 159 159 159 219 255
255 255 255 255 255 255 255 255 255 255 255 255 255 255 255 255
255 255 255 255 255 255 255 255 255 255 255 255 255 255 255 255
255 219 159 159 159 159 159 159 159 159 159 159 159 159 219 255
255 159  16  60  64  64  64  63  63  64  64  64  60  16 159 255
255 159  60 218 236 236 227  94  93 227 236 236 218  60 159 255
255 159  64 236 255 236 101   5   5 100 235 255 236  64 159 255
255 159  64 236 245 124  10  14  15  10 123 245 236  64 159 255
255 159  64 236 188  20  48 160 158  48  19 187 236  64 159 255
255 159  64 236  77  48 197 215 208 194  49  75 236  64 159 255
255 159  64 235  22 142 195 161 144 192 114  19 235  64 159 255
255 159  64 235  38 168 255 241 191 255 169  36 235  64 159 255
255 159  64 236 110  79 176 143 137 176  80 109 236  64 159 255
255 159  64 236 222  55  16  10  10  16  54 222 236  64 159 255
255 159  60 218 236 200  81  15  15  81 200 236 218  60 159 255
255 159  16  60  64  64  64  55  55  64  64  64  60  16 159 255
255 219 159 159 159 159 159 159 159 159 159 159 159 159 219 255
255 255 255 255 255 255 255 255 255 255 255 255 255 255 255 255
255 255 255 255 255 255 255 255 255 255 255 255 255 255 255 255
255 219 159 159 159 159 159 159 159 159 159 159 159 159 219 255
255 159  16  60  64  64  64  63  63  64  64  64  60  16 159 255
255 159  60 218 236 236 227  94  93 227 236 236 218  60 159 255
255 159  64 236 255 236 101   5   5 100 235 255 236  64 159 255
255 159  64 236 245 124  10  14  15  10 123 245 236  64 159 255
255 159  64 236 188  20  48 160 158  48  19 187 236  64 159 255
255 159  64 236  77  48 197 215 208 194  49  75 236  64 159 255
255 159  64 235  22 142 195 161 144 192 114  19 235  64 159 255
255 159  64 235  38 168 255 241 191 255 169  36 235  64 159 255
255 159  64 236 110  79 176 143 137 176  80 109 236  64 159 255
255 159  64 236 222  55  16  10  10  16  54 222 236  64 159 255
255 159  60 218 236 200  81  15  15  81 200 236 218  60 159 255
255 159  16  60  64  64  64  55  55  64  64  64  60  16 159 255
255 219 159 159 159 159 159 159 159 159 159 159 159 159 219 255
255 255 255 255 255 255 255 255 255 255 255 255 255 255 255 255

255 255 255 255 255 255 255 255 255 255 255 255 255 255 255 255
255 219 159 159 159 159 159 159 159 159 159 159 159 159 219 255
255 159  16  60  64  64  64  64  64  64  64  64  60  16 159 255
255 159  60 218 236 236 236 236 235 235 236 236 218  60 159 255
255 159  64 236 255 245 187  75  19  36 109 222 236  64 159 255
255 159  64 236 235 123  19  49 114 169  80  54 200  64 159 255
255 159  64 227 100  10  48 194 192 255 176  16  81  64 159 255
255 159  63  93   5  15 158 208 144 191 137  10  15  55 159 255
255 159  63  94   5  14 160 215 161 241 143  10  15  55 159 255
255 159  64 227 101  10  48 197 195 255 176  16  81  64 159 255
255 159  64 236 236 124  20  48 142 168  79  55 200  64 159 255
255 159  64 236 255 245 188  77  22  38 110 222 236  64 159 255
255 159  60 218 236 236 236 236 235 235 236 236 218  60 159 255
255 159  16  60  64  64  64  64  64  64  64  64  60  16 159 255
255 219 159 159 159 159 159 159 159 159 159 159 159 159 219 255
255 255 255 255 255 255 255 255 255 255 255 255 255 255 255 255
255 255 255 255 255 255 255 255 255 255 255 255 255 255 255 255
255 219 159 159 159 159 159 159 159 159 159 159 159 159 219 255
255 159  16  60  64  64  64  64  64  64  64  64  60  16 159 255
255 159  60 218 236 236 236 236 235 235 236 236 218  60 159 255
255 159  64 236 255 245 187  75  19  36 109 222 236  64 159 255
255 159  64 236 235 123  19  49 114 169  80  54 200  64 159 255
255 159  64 227 100  10  48 194 192 255 176  16  81  64 159 255
255 159  63  93   5  15 158 208 144 191 137  10  15  55 159 255
255 159  63  94   5  14 160 215 161 241 143  10  15  55 159 255
255 159  64 227 101  10  48 197 195 255 176  16  81  64 159 255
255 159  64 236 236 124  20  48 142 168  79  55 200  64 159 255
255 159  64 236 255 245 188  77  22  38 110 222 236  64 159 255
255 159  60 218 236 236 236 236 235 235 236 236 218  60 159 255
255 159  16  60  64  64  64  64  64  64  64  64  60  16 159 255
255 219 159 159 159 159 159 159 159 159 159 159 159 159 219 255
255 255 255 255 255 255 255 255 255 255 255 255 255 255 255 255
255 255 255 255 255 255 255 255 255 255 255 255 255 255 255 255
255 219 159 159 159 159 159 159 159 159 159 159 159 159 219 255
255 159  16  60  64  64  64  64  64  64  64  64  60  16 159 255
255 159  60 218 236 236 236 236 235 235 236 236 218  60 159 255
255 159  64 236 255 245 187  75  19  36 109 222 236  64 159 255
255 159  64 236 235 123  19  49 114 169  80  54 200  64 159 255
255 159  64 227 100  10  48 194 192 255 176  16  81  64 159 255
255 159  63  93   5  15 158 208 144 191 137  10  15  55 159 255
255 159  63  94   5  14 160 215 161 241 143  10  15  55 159 255
255 159  64 227 101  10  48 197 195 255 176  16  81  64 159 255
255 159  64 236 236 124  20  48 142 168  79  55 200  64 159 255
255 159  64 236 255 245 188  77  22  38 110 222 236  64 159 255
255 159  60 218 236 236 236 236 235 235 236 236 218  60 159 255
255 159  16  60  64  64  64  64  64  64  64  64  60  16 159 255
255 219 159 159 159 159 159 159 159 159 159 159 159 159 219 255
255 255 255 255 255 255 255 255 255 255 255 255 255 255 255 255
